std,mean
651.2560052825423,43.05399070058844
1.3892543007281437,2.6687192207376484
0.7156008414248579,1.015488850086403
3762.4366113237365,64.04944895856653
127.92752001416514,13.94328289340825
3184.478725524738,175.4283208606174
4616.432279477654,94.00970612612294
3.8578854059378993,4.447731524789523
5988.253822721649,93.62738564438791
109.23094837112536,1016.617999228529
114.82938771688883,9.002008062993884
1557.3445914908027,62.54169833410454
7.1700639528896555e-31,35.399999999999984
79.22106313115874,28.097944200132847
190.6511313560075,2.895613341853495
648.3638463852077,43.0291933630424
642.6328378476506,42.88489348544481
637.3949378392047,42.80386242887544
2.6463577986779394,2016.527245088868
11.587887088813844,6.6971468662301215
78.0705851743059,15.72743217960711
3.9960234467224556,3.000935453695042
221.7555080961811,27.373479887745557
10820.361612795678,188.37137511693172
0.2038594328779159,0.28519644527595883
1.2834413620827103,1.4989476145930776
0.011871388465509409,116.36228215622076
0.02674510325962035,39.993061962114126
0.0,116.58500000000002
0.0,40.08
2.491111770977368e-06,0.003251213539756171
91646204.81885257,15782.85182197792
56.40672365974716,13.168067454159786
228463.50276003286,860.1567870107199
6.9285720319446975,63.46857340307061
2.681559405359602e-05,0.006529379008754354
